time,x,y,z,phi,theta,psi,x_velocity,y_velocity,z_velocity,phi_velocity,theta_velocity,psi_velocity,rotor_speed1,rotor_speed2,rotor_speed3,rotor_speed4
0.06,1.0762106902925491e-07,-8.120797750856247e-09,10.006657313133529,6.2831761478676444,6.28295728985295,0.0,1.5647264721211807e-05,-8.184237796928378e-07,0.22189289599910567,-0.00045975630178422475,-0.012757686932309935,0.0,474.12336329551124,473.1424270327859,474.3870361548234,474.35174154028647
0.12000000000000001,9.07730732953616e-06,-4.367212247976384e-07,10.024298655129915,6.283050065575646,6.282296139317047,0.0,0.000360539587929281,-2.1568904661420585e-05,0.3661159342096403,-0.005605512179430271,-0.007751058440684651,0.0,450.08691126161705,450.4919838427837,451.48394611289774,451.06869804798674
0.18,5.514852794125547e-05,-6.786800271928883e-06,10.05364965934647,6.282519426024535,6.281813241709177,0.0,0.0012336622744827182,-0.00024250103354003251,0.6121512592207835,-0.016268575489451462,-0.00864950594599156,0.0,481.3714085692223,481.30354885162313,481.4375079103027,480.6302871471277
0.23999999999999996,0.00015924645033079253,-3.8812621190672916e-05,10.093498969021942,6.2816692889006855,6.2816689987911225,0.0,0.0022678824962944683,-0.0009183467265329304,0.7160990487707931,-0.01026973265527752,0.007825601599287198,0.0,437.62813516828925,438.99717455322457,438.54920517990877,439.0472300692807
0.3,0.000329191948115724,-0.00013376462502816304,10.14328539345785,6.2811049166971,6.2828375376246335,0.0,0.0032897270057524654,-0.002317720968095232,0.9432886308421922,-0.007732758009000894,0.036108599676897474,0.0,474.4652160519678,476.6313405162238,476.5534243083227,476.7474076805188
0.36000000000000004,0.0005255312619706159,-0.000310969358031498,10.199798696336133,6.28048638690683,0.001952614767267491,0.0,0.0030607886011113027,-0.0036355825905958067,0.940490282060816,-0.01603538028243837,0.04246431219765912,0.0,402.98499248138205,403.5598981467682,404.8825831383048,404.13511279826986
0.4200000000000001,0.0006515064272167437,-0.0005975930009349857,10.262402375245621,6.279602350329306,0.004307919527605897,0.0,0.0008493384353506,-0.006026456275203668,1.1461144120273719,-0.012250533361732006,0.031910123651900574,0.0,470.0860311084007,469.2682544650338,470.42682016968314,470.7198837667654
0.48000000000000015,0.0005797539272428981,-0.0010568055125963517,10.339730294362214,6.278654751330009,0.006558441570899909,0.0,-0.003511479330685073,-0.0093868107477031,1.4311689163190262,-0.024036014697689824,0.04684485510042507,0.0,492.56105981375185,493.6646767940546,494.182985118282,493.3137089130662
0.5400000000000001,0.0002316145518258159,-0.0017132436845142321,10.427370063770992,6.277178392580733,0.009208953543167198,0.0,-0.008355141694206234,-0.01263403434760676,1.490078872566321,-0.025770838093220644,0.03821734507142849,0.0,426.1049417420347,425.3680134434074,425.792302451725,425.6437560584239
0.6000000000000002,-0.0004821215960314206,-0.0026094512513491234,10.521069686316634,6.2756181944239735,0.012164977970698487,0.0,-0.01572517250979025,-0.017406605561500962,1.6330443977937175,-0.02647226716559156,0.06526442262081829,0.0,451.6804412298048,453.85762984067384,452.2844099150845,452.2277976482429
0.6600000000000003,-0.0017654022754777525,-0.0038608925984136774,10.627741482733924,6.273607687222807,0.016202304759938002,0.0,-0.02756241665579675,-0.02453037206021178,1.9222332641535633,-0.05380045605113457,0.07105604437523715,0.0,495.5826091818213,496.0109587611032,496.8512009227253,494.8432776488129
0.7200000000000003,-0.0037249893473888106,-0.005515939573594594,10.743415989049167,6.2702097135380725,0.02011312470431914,0.0,-0.03812348655380138,-0.030931405648520163,1.9335544650708936,-0.06300054668663385,0.049599150843538456,0.0,412.94485576321244,411.0512199745234,411.56341519038057,410.7458531667066
0.7800000000000004,-0.0064046752484532826,-0.007630011978423913,10.860739639691122,6.265829235873447,0.02332422753392649,0.0,-0.05148846183845741,-0.03989114010979604,1.9771474659578787,-0.12235823657863157,0.060384675678221957,0.0,422.4203088189827,423.35133492843914,424.5034782779308,419.3730032232726
0.8400000000000004,-0.010087725447536113,-0.01048640546830241,10.986445525475887,6.258516390612122,0.026965122887950166,0.0,-0.07171292209444115,-0.05620779252733543,2.2125937694930333,-0.12094340449648096,0.061268644048761686,0.0,480.81406173913115,480.88333511310816,482.51289093315785,482.6075352645412
0.9000000000000005,-0.015054825978672099,-0.01448375711788112,11.12556119070431,6.250877014944695,0.03056181141411507,0.0,-0.09427650758586566,-0.07790261032285095,2.4241330365711025,-0.14481334767706464,0.05715748902090892,0.0,475.9535812857894,475.64112364544184,476.50106206238473,474.65879359807315
0.9600000000000005,-0.02138266482203582,-0.01988477576559075,11.274786792679864,6.242554800909112,0.03516111980709269,0.0,-0.11708411465629025,-0.10301881742691656,2.549733060115592,-0.1286685187141161,0.10019768169198508,0.0,449.8442993416201,453.32002008938696,449.37326910852477,450.6622721283758
1.0200000000000005,-0.029380965103415434,-0.027193576947615306,11.436910176536333,6.23486866242834,0.04107001939187693,0.0,-0.1502885432458554,-0.14159424656579128,2.853593528793087,-0.12699440481187613,0.09481056081408056,0.0,503.75205157992116,503.36943883473566,503.5859845104708,503.6941830481438
1.0800000000000005,-0.039283226320932285,-0.036733015913247305,11.611439106446381,6.227050676529348,0.04660190145039067,0.0,-0.18035669030043874,-0.17716913782276775,2.963685008929936,-0.1378924221353172,0.08638555937220474,0.0,448.965059481791,448.2880271950229,448.51453969225486,447.6130414976503
1.1400000000000006,-0.05130134272252853,-0.048811064372071,11.796688462422125,6.21901392293546,0.05222711875182551,0.0,-0.22088858431821976,-0.22639915764466725,3.2105297952735556,-0.12704189486391615,0.10545130931940583,0.0,488.7044694206211,490.1299237144094,489.88474463340157,490.6761259885386
1.2000000000000006,-0.06573414045155775,-0.06384124331135893,11.993681531043112,6.211103361375116,0.05845041802173068,0.0,-0.2608651413184939,-0.27541710267529596,3.3553827524905486,-0.14376179491657948,0.10001947293554571,0.0,461.4513573261724,461.03129096598445,462.2043491282593,460.86922136409163
1.2600000000000007,-0.08304023486766092,-0.08240687439949701,12.204992519650778,6.202458353667094,0.0650291747334455,0.0,-0.3168088066004181,-0.3445332964057298,3.687142396522312,-0.14473390603185643,0.12406634066882982,0.0,514.8779783305415,516.5849951824491,516.4384477489605,516.3536571784147
1.3200000000000007,-0.10330394242902795,-0.10463058892936204,12.427364987799882,6.193486015265417,0.072745594975693,0.0,-0.3593454823568323,-0.3970581622765572,3.7250076888105763,-0.16146903979867847,0.13640996393571525,0.0,431.1776872306478,432.23484834438335,431.7350607182718,430.2985767983676
1.3800000000000008,-0.12622429809986252,-0.13012307942739298,12.651400919119952,6.184189649139746,0.0804963683552371,0.0,-0.40538473707538525,-0.4535288197323105,3.742632530586605,-0.14434007451995293,0.10802355625885035,0.0,425.6834846808863,423.2628856865197,425.46765814685665,426.9076806090494
1.4400000000000008,-0.15211363422393787,-0.15925576578854983,12.87732793155291,6.175269677435242,0.08694342899800755,0.0,-0.4581886070192582,-0.5183609012491149,3.7879435229657794,-0.15912875585732544,0.10628164031865989,0.0,435.3524527267794,435.2170779856859,435.12712424817124,433.8656943158052
1.5000000000000009,-0.1813010649934124,-0.19245693736205324,13.106008944136054,6.165965884538652,0.09272346627265193,0.0,-0.5153084519437923,-0.5892032568889414,3.8344006653977107,-0.14797793068621673,0.05096058420022987,0.0,437.7661041289579,433.14488310628195,436.07561211195014,436.98284365063887
1.560000000000001,-0.21438162001571776,-0.23054893065060364,13.341349314933778,6.157010020915838,0.09541913401690838,0.0,-0.5876493613183111,-0.6814567820683066,4.009462400206317,-0.1519666189978211,0.02875888410975381,0.0,478.34819650204986,476.6553762118049,475.77297578398463,475.44812293426577
1.620000000000001,-0.25169524116182956,-0.27416310384809145,13.585462258512036,6.148292800381295,0.09679909977194079,0.0,-0.6562624181017785,-0.7732164252887375,4.1270093137005235,-0.1344877814116084,0.00783267367277067,0.0,461.7551791157252,460.1013017126541,460.1087762743917,461.471446491653
1.680000000000001,-0.293488836564946,-0.3239360626901316,13.840041771837624,6.14048036486218,0.09740908746044052,0.0,-0.7368370675698495,-0.8867173600198037,4.357889672975413,-0.12279403734428643,0.014467272362633518,0.0,495.19823041115865,495.6859308666277,495.54946690415056,496.39466702439796
1.740000000000001,-0.33985945839079523,-0.38030518604644514,14.105660748093774,6.132780092852542,0.09799496466135338,0.0,-0.8088764639140313,-0.9929727886958729,4.495321780186823,-0.14272027456121872,-0.001863254078136617,0.0,471.33730387879854,470.07329853373676,470.8945986458341,469.33610898509244
1.8000000000000012,-0.3906946451727671,-0.44342541146803105,14.380818401423198,6.123921620288915,0.09825160778132158,0.0,-0.8855657945735265,-1.111900799625201,4.675607490364276,-0.15994002103942842,0.014364789119031404,0.0,483.2812560568604,484.5029467612859,486.20339243491446,484.8927452209517
1.8600000000000012,-0.4458928196341217,-0.5134840000402502,14.6642578310333,6.115029241640954,0.09942129963612878,0.0,-0.9544362898610457,-1.224236933768221,4.771689880974568,-0.13150190658999505,0.02816686649708423,0.0,460.98202008791645,462.0714549947301,460.19710632474164,462.4225115939734
1.9200000000000013,-0.5053231045602218,-0.5905808129395977,14.954127796253891,6.10687358493581,0.10102322951919174,0.0,-1.026692658860143,-1.3463915199222225,4.8898383416794164,-0.14668999473551475,0.023588511445218632,0.0,468.96762586086516,468.6119412021914,470.9972328319551,469.80481826694995
1.9800000000000013,-0.568455516518582,-0.6740194455617157,15.244576353226558,6.098983427503882,0.10231174114994523,0.0,-1.0778638648616534,-1.4355610798900937,4.791964708422962,-0.11148333307170563,0.016873226889711223,0.0,400.69505134962463,400.08405237926087,398.71513888859135,401.9003092352493
2.0400000000000014,-0.6348490704590947,-0.7632267729483037,15.530754427530654,6.092171771944063,0.1036415076264845,0.0,-1.1353708729307899,-1.538586310088629,4.747249305286797,-0.11796188619305964,0.03106298885264451,0.0,418.20014412450143,419.43455957395287,418.4856755435165,417.90888381199557
2.1000000000000014,-0.7050830949068864,-0.859396007546367,15.817640658813895,6.085078242916378,0.10533024436085725,0.0,-1.2059048712496767,-1.6676711179847457,4.8150156200100795,-0.11875744477205546,0.02155913662539573,0.0,456.44182193210537,455.6828084361699,455.14640755844107,455.0705263567794
2.1600000000000015,-0.7791208625621066,-0.9625878406089983,16.104278644712902,6.0783990749563195,0.10658926738520247,0.0,-1.2621540796335573,-1.7726363297392544,4.73963992327036,-0.09953454652982444,0.019807421902946994,0.0,409.2733875915887,409.11745418749416,408.71685348482083,410.4144250247492
2.2200000000000015,-0.8570469105326017,-1.0731178021679477,16.390850867982923,6.0724745730313,0.10767139090549982,0.0,-1.3354570994967137,-1.9122005221680176,4.812131577411176,-0.09720254253180242,0.014232580912246592,0.0,458.1769466984359,457.7333745187432,458.56728580519194,458.7444723157654
2.2800000000000016,-0.9394791325526464,-1.1923067386226487,16.682499412573712,6.066286349570882,0.10863079266051567,0.0,-1.4123269268881518,-2.06126531692818,4.908710275572274,-0.11892690392498959,0.019291502675098392,0.0,467.0184409110849,467.41281199576605,467.92839625552347,466.2249289079589
2.3400000000000016,-1.0262570406975897,-1.319999483121159,16.977304979446288,6.059916653348427,0.1097777351912761,0.0,-1.480366742061519,-2.195729889950511,4.917746408358906,-0.08840968311061972,0.018761810323180854,0.0,441.19981953464924,441.1560329003161,439.5862663913207,442.0977264996228
2.4000000000000017,-1.117013403764249,-1.4556166306781686,17.271484268325658,6.054615053172247,0.11104546417279426,0.0,-1.5449608041083283,-2.325307372114323,4.888040682420797,-0.08826089619439197,0.025485650156930894,0.0,429.34438627839813,429.91459145451086,428.32732827371234,428.33317227530944
2.4600000000000017,-1.211612423558734,-1.5989835473699006,17.56333117105132,6.049061155633325,0.11245906599430189,0.0,-1.6084840983895246,-2.454071471666998,4.840069203665048,-0.10296841986520988,0.01940071682313771,0.0,424.3214228732799,423.79871607189716,423.0201918934303,421.7437103031471
2.520000000000002,-1.310793784848855,-1.751711189315158,17.85866568666328,6.042631191701208,0.11327823443855589,0.0,-1.6975842393173943,-2.6373538114345005,5.00319397180885,-0.11725375813947259,-0.0014742288432196176,0.0,490.7932782137801,489.24116080916787,491.5961262089423,490.5272902009654
2.580000000000002,-1.4147334199636528,-1.914315700080862,18.15856087671858,6.035715916685476,0.11392986414568274,0.0,-1.7671047783686538,-2.7833987703887995,4.9929351880875945,-0.11153257052162457,0.02819483680984674,0.0,437.8735344376737,440.3352046779914,438.46951376347835,438.93257423660503
2.640000000000002,-1.522796478685333,-2.0856635981550924,18.457214790323604,6.028992100499458,0.11524383060647647,0.0,-1.8351407796443555,-2.928781114398659,4.961894009235433,-0.11314639576692753,0.004716414364810488,0.0,433.3320244554958,431.35351289257005,433.4010951751091,433.25390820433387
2.700000000000002,-1.6356785421672027,-2.2674155710018375,18.759926433002274,6.021996623827082,0.11561616085591186,0.0,-1.9275282315392892,-3.130159387394942,5.127132501845482,-0.12455933940324625,0.00902884263745958,0.0,495.0293497760097,495.3465215188726,495.6470519367274,494.79669953299526
2.760000000000002,-1.7535268503587431,-2.4601009987885267,19.067575729130578,6.014808544608822,0.11577561544321746,0.0,-2.0007783926198894,-3.293314528596271,5.1273176830035725,-0.11167670446858272,-0.014829312317090336,0.0,447.7231960168748,445.7774646312914,446.40837704159645,447.4456231663164
2.820000000000002,-1.8756361859879387,-2.6623971592052773,19.374042944172494,6.008794549826339,0.11469526672966968,0.0,-2.0694752074203775,-3.450462442981733,5.087977784855271,-0.08382560183082792,-0.025266029948679773,0.0,435.62450244972024,434.75076838663557,433.30411443489544,435.63029901814974
2.880000000000002,-2.0018817445241117,-2.874298733656656,19.678338761642053,6.003403940834673,0.11364073563185784,0.0,-2.138626655179835,-3.6134129665434473,5.054923759066692,-0.10594635739436566,-0.005463347323429327,0.0,436.7591600937167,438.4080108583374,438.3962315512941,436.54674777762773
2.940000000000002,-2.1323377961510923,-3.0962583707860163,19.981192449281743,5.996785146597478,0.11326779115316743,0.0,-2.209884436928922,-3.7858177592919673,5.039725855575217,-0.12090199610698098,-0.0077647245316066,0.0,444.41769768999944,444.22908808890753,444.7384116643272,443.5005673523796
3.000000000000002,-2.266955087699163,-3.328411222730788,20.28211577765944,5.99017609969437,0.11328365710176591,0.0,-2.277369468158606,-3.953238782043173,4.990724873431868,-0.09448140136519786,0.01279952017581824,0.0,432.9638623458933,434.6909583834303,433.0448689969538,435.2506271814009
3.0600000000000023,-2.4057422796459913,-3.571013875129619,20.580974884106826,5.984661017990005,0.11385742693480605,0.0,-2.3489358326114558,-4.134029552057362,4.970758340075402,-0.08723266475743764,0.002143027965724327,0.0,445.2872357449421,444.41432292067196,443.7917836215481,444.37935370815984
3.1200000000000023,-2.548554578180595,-3.8238479483522854,20.8762119516317,5.979517288655851,0.11385469288728345,0.0,-2.4115401887634107,-4.294337643112571,4.870446044617306,-0.0828809095455928,-0.00482810161407112,0.0,418.35335635277113,417.7457822848405,417.80525652880965,418.1780227482617
3.1800000000000024,-2.6953895990914427,-4.087083462590748,21.167553541110866,5.97516877754664,0.11332208752691564,0.0,-2.4829448928567945,-4.480647501232799,4.840519130870378,-0.05717856861564678,-0.018541238827265355,0.0,441.9730400786583,440.8412322858263,442.1873662414716,444.2957322717439
3.2400000000000024,-2.84665422797017,-4.361994779178144,21.458300498018367,5.971667095106742,0.11179910151814632,0.0,-2.559091737427064,-4.683413106456511,4.850441288820918,-0.06083751400394364,-0.04481825702077909,0.0,458.19426563011984,456.09978900253606,455.6916751953986,455.39675185170586
3.3000000000000025,-3.0020087937719575,-4.647921466228302,21.74572975373214,5.968449046999442,0.10891282236458544,0.0,-2.6192834471732476,-4.8480036638109825,4.730670601567001,-0.0421442961557693,-0.05565328993879712,0.0,414.1509895999217,413.19500897527416,412.38107059669335,414.02715997739483
3.3600000000000025,-3.161066917974237,-4.944162055326913,22.027029580598978,5.96552618274654,0.10554289370099212,0.0,-2.682465416121374,-5.027136556361417,4.64595373001722,-0.06699500268743716,-0.05720961307948134,0.0,425.3517744574117,425.21614019591266,426.7689836316271,424.6402629769638
3.4200000000000026,-3.3239627351940664,-5.251502072510564,22.303998361576316,5.96162031874808,0.10290776448266303,0.0,-2.7472066111759306,-5.21804453203507,4.586084781967812,-0.06155186534177655,-0.025646146777106762,0.0,433.07821713482,435.7241532983565,433.89060810647726,434.3442035962647
3.4800000000000026,-3.4904048750132897,-5.569447414885807,22.57446979730616,5.95770070021298,0.10118740779437907,0.0,-2.800860074489243,-5.380761447714451,4.429877204718709,-0.07420775245288679,-0.03554018360134165,0.0,400.30951354267887,399.4075844656848,401.85258086465245,400.6996842072952
3.5400000000000027,-3.660531034269109,-5.898771536406037,22.84000393171196,5.953597539299244,0.0986475366491657,0.0,-2.869826864937344,-5.597202478976304,4.420652176609701,-0.05874133023576725,-0.061542226699384424,0.0,453.1796816173425,451.08321320791515,450.1131496947955,451.3597964907825
3.6000000000000028,-3.834813287315181,-6.241391537167011,23.105487988363816,5.95091695113415,0.0945908434463707,0.0,-2.9392486521274974,-5.823867827956119,4.428180322361269,-0.025668893677619965,-0.08391283805790457,0.0,459.81700880879794,458.03751764354973,456.1240441850319,458.7568248604348
3.660000000000003,-4.013078336376652,-6.597312060695319,23.37022071383924,5.949241042513563,0.08964623728399523,0.0,-3.0025439130850966,-6.040541068404035,4.3959051607497885,-0.03289162567711753,-0.07956408569080084,0.0,447.4302247899067,447.77874146234814,445.37979259651325,444.7883225122753
3.720000000000003,-4.19522348645914,-6.966893517351244,23.634611132725365,5.947653963335728,0.08479097713059058,0.0,-3.06853256476992,-6.279170287386829,4.41644316626437,-0.015961053722955216,-0.08378128752805891,0.0,465.4129069724981,465.07767652521784,462.9439748029447,464.2743684654599
3.780000000000003,-4.381175038774776,-7.350600661045237,23.899370295424397,5.946332861185084,0.07941785130932466,0.0,-3.1294341214963732,-6.511421122500556,4.408381588321952,-0.03828391793890584,-0.10474662866505485,0.0,456.926172934806,455.2446151473371,457.90832843754947,456.1286010788981
3.840000000000003,-4.570305726203836,-7.746707550421517,24.158937984965952,5.944041917251225,0.07317526415942321,0.0,-3.174635386107851,-6.692858075912823,4.244231593617031,-0.037980180394213595,-0.10267308986328925,0.0,402.8755299381943,403.0523710713587,404.1098918789404,404.1364152565092
3.900000000000003,-4.762066060195236,-8.153734501375554,24.408408120080317,5.9416414105060085,0.06721378718303672,0.0,-3.217106741398116,-6.875456996662661,4.071809625144137,-0.04440814436174893,-0.09344260770004832,0.0,398.9104830388354,399.742951276288,400.2214445146401,399.63477638185714
3.960000000000003,-4.956688325600272,-8.573725989841996,24.65281273729328,5.939200954691476,0.06169442587987373,0.0,-3.2698352921835063,-7.124757618200101,4.07434493800178,-0.03409473527711401,-0.08923258517074087,0.0,459.15142484939645,459.4785490420788,459.6043666273028,460.42039946503803
4.020000000000002,-5.154462087102544,-9.009221203205344,24.89847934096232,5.936785088746628,0.056373013975655084,0.0,-3.3221332914006187,-7.3921790176091555,4.113650629470931,-0.056954346734742506,-0.08762763166792076,0.0,472.3980104777524,472.51574412995683,474.16163094148806,472.4009837455278
4.080000000000001,-5.355162718022867,-9.460164194850645,25.14440105297888,5.9329490537974365,0.050603697346959464,0.0,-3.3674729297353774,-7.639903039011538,4.083133959848052,-0.0839631397802421,-0.12455390010824956,0.0,454.8170540691175,451.8406818599227,452.4260871723226,450.24250661291603
4.14,-5.558746609320447,-9.92792408906835,25.39331224165457,5.928153679699243,0.043332071647954606,0.0,-3.4178449536369695,-7.952626634478698,4.212244404907397,-0.07287205673541595,-0.11520754348148309,0.0,503.9861563382698,504.6499668526173,502.71308938471356,503.5119083725497
4.199999999999998,-5.765047296720947,-10.413338257529938,25.646367768410194,5.923464245689088,0.036392632553681636,0.0,-3.4582476686895274,-8.228529534216696,4.221964548636178,-0.09166223931398199,-0.11657152320469476,0.0,470.3877672471479,470.27095340432,471.1210507935811,469.660943287803
4.259999999999997,-5.973538749828711,-10.914321013466875,25.896806626839673,5.91848110485903,0.029205363296602727,0.0,-3.490998368537819,-8.471800764666497,4.12559940085655,-0.06981842718698426,-0.12714521856363448,0.0,438.3002275690014,437.4070715851369,436.1969043784783,438.0117989828453
4.319999999999996,-6.183919094825398,-11.430362352353614,26.142120018000654,5.914080217404049,0.021770419117659756,0.0,-3.52114588594421,-8.73043495340731,4.051003281001836,-0.0815500421982571,-0.1181388116725759,0.0,445.61399114452746,446.335888076461,446.014528449705,445.0508649078629
4.379999999999995,-6.396062182414787,-11.963146898260712,26.38554924520229,5.909448488380441,0.014422724208984938,0.0,-3.5496678541814353,-9.029804895626224,4.0621524956075845,-0.06966765550334059,-0.13291732353488547,0.0,475.9535201412952,474.8081611459966,474.2951441413388,475.2027142118012
4.439999999999993,-6.6097874676613655,-12.514090199706061,26.62952936519489,5.904815659951915,0.006567376470526298,0.0,-3.573829115402505,-9.33573494656595,4.069376526895621,-0.09992096964066839,-0.12720840714757065,0.0,475.6617772688067,476.08438163311837,477.7506198394688,475.4330214551661
4.499999999999992,-6.824818513842366,-13.082889076308787,26.87203541972617,5.89876694918615,6.282247147110265,0.0,-3.5933022392075276,-9.625198449629425,4.01322835726159,-0.102654400569908,-0.1211681588792425,0.0,457.82965576393883,458.2963886176532,458.79211589987017,458.5665385939817
4.559999999999991,-7.0408945702462375,-13.67094845228983,27.115153822772665,5.8927122603193105,6.274636211706639,0.0,-3.60852126366297,-9.97754339145908,4.088797756730297,-0.09763801073611132,-0.1417139887322905,0.0,502.81656717181454,501.31258892668757,501.8947887792219,502.25129802124036
4.6199999999999894,-7.257787304629283,-14.278230866634502,27.357399167706728,5.887578821971232,6.265920754656715,0.0,-3.6206428983040393,-10.266293626454189,3.9853643135239634,-0.06848955044382725,-0.15349130454324225,0.0,450.0681637126799,449.09404534480734,446.85925190028905,449.2233943768209
4.679999999999988,-7.475326625192397,-14.902183421789188,27.591215673465758,5.883277842346043,6.256189733977497,0.0,-3.630111878056966,-10.53337908626658,3.808394489648918,-0.07898377448377095,-0.19169696464354846,0.0,427.2506975506653,423.9517707376408,424.05431131908125,423.1472981199967
4.739999999999987,-7.693166781866886,-15.544349499071396,27.81893789458791,5.87878890379827,6.244802694106646,0.0,-3.6302888200458883,-10.873156880893408,3.781127051659286,-0.06756944446596193,-0.18621438084484407,0.0,475.72648966585405,476.113778062941,475.26997151751556,476.1402188964953
4.799999999999986,-7.910941464522461,-16.206032348189282,28.042274582253015,5.874485723451567,6.2345831047229385,0.0,-3.6281280997039853,-11.184152793511677,3.662783456506228,-0.0816724235770262,-0.14969814924054411,0.0,446.02910428803494,448.97344815788995,449.6880043227364,448.53980003205464
4.859999999999984,-8.128295439613705,-16.8878268218533,28.26113751275742,5.869667770843076,6.225902667005936,0.0,-3.6162966851999196,-11.543386162980433,3.6311954507345745,-0.0776867986136404,-0.1361630314902918,0.0,479.29096571105913,480.3008388956268,477.47771435060133,477.777064507842
4.919999999999983,-8.344925604055403,-17.590543112891652,28.475879562177436,5.865329495814084,6.217578242030193,0.0,-3.6041156428801235,-11.881737005396268,3.5258713317850816,-0.06327604514699763,-0.14446293533020926,0.0,457.06031106571066,456.3807884911998,458.07820140193655,459.21913065412065
4.979999999999982,-8.560747639320162,-18.313541441098632,28.683483850351305,5.861511878180881,6.2084898587854465,0.0,-3.5893329364523208,-12.219562630724107,3.393449172704269,-0.06433785321031958,-0.1716129459492677,0.0,452.0477529876735,449.83196301693096,450.5459741461837,450.4572039943351
5.0399999999999805,-8.775556256450848,-19.057050311052468,28.882886664177445,5.857476420219104,6.197954999076627,0.0,-3.570224542351861,-12.565514732452954,3.2524774185859533,-0.07384761520727123,-0.18499662959951038,0.0,450.3669679929016,449.2533052656604,450.0172172965364,449.2431759131085
